function out = q1
A = [1 0 0 0 0;
     0 1 0 0 0;
     0 0 1 0 0;
     0 0 0 1 0;
     0 0 0 0 1;
    1 -1 0 0 0;
    1 0 -1 0 0;
    1 0 0 -1 0;
    1 0 0 0 -1;
    0 1 -1 0 0;
    0 1 0 -1 0;
    0 1 0 0 -1;
    0 0 1 -1 0;
    0 0 1 0 -1;
    0 0 0 1 -1];
b = [3.06; 4.72; 5.31; -1.45; 2.64; -1.60; -2.23; 4.49; 0.45; -0.62; 
    6.20; 2.00; 6.80; 2.60; -4.15];
out = A\b;